cruise	type	stn_&_depth	Station	Depth_m	WaterMass	Date_utc_YYYYMMDD	Year	Month	Day	hh	mm	ss	Vir_abundance	Vir_SE	VLA	Bact_abundance	Bact_SE	BLA	VBR	   temp	sal_avg	O2_mL_L	  lat_start	long_start
KN210-04	B	35	3	5	Surface	20130331	2013	3	31	12	0	0	9.51E+06	6.60E+05	6.98	6.44E+05	4.48E+04	5.81	1.48E+01	21.2373	35.82945	5.2286	-34.5	-42.5
KN210-04	B	392	3	92	DCM	20130331	2013	3	31	12	0	0	1.24E+07	9.93E+05	7.09	2.59E+06	1.94E+05	6.41	4.77E+00	17.6073	35.8846	5.3559	-34.5	-42.5
KN210-04	B	3250	3	250	Mesopelagic	20130331	2013	3	31	12	0	0	2.38E+06	2.15E+05	6.38	1.51E+05	8.04E+03	5.18	1.57E+01	14.8087	35.56925	5.0583	-34.5	-42.5
KN210-04	B	3250	3	250	Mesopelagic	20130331	2013	3	31	12	0	0	2.42E+06	1.61E+05	6.38	1.56E+05	1.00E+04	5.19	1.55E+01	14.8087	35.56925	5.0583	-34.5	-42.5
KN210-04	B	32500	3	2500	NADW	20130331	2013	3	31	12	0	0	9.42E+05	5.15E+04	5.97	2.13E+04	1.61E+03	4.33	4.43E+01	3.2066	34.91725	5.6252	-34.5	-42.5
KN210-04	B	492	4	92	DCM	20130401	2013	4	1	12	0	0	2.56E+07	1.22E+06	7.41	1.22E+06	7.51E+04	6.09	2.10E+01	19.5476	36.06285	5.4697	-31.25	-41
KN210-04	B	4250	4	250	Mesopelagic	20130401	2013	4	1	12	0	0	8.35E+06	3.76E+05	6.92	5.24E+05	4.84E+04	5.72	1.59E+01	15.9098	35.73145	4.9999	-31.25	-41
KN210-04	B	4250	4	250	Mesopelagic	20130401	2013	4	1	12	0	0	9.43E+06	5.87E+05	6.97	6.61E+05	4.37E+04	5.82	1.43E+01	15.9098	35.73145	4.9999	-31.25	-41
KN210-04	B	4850	4	850	AAIW	20130401	2013	4	1	12	0	0	1.07E+06	1.35E+05	6.03	7.60E+04	3.45E+03	4.88	1.41E+01	5.3634	34.31565	5.3762	-31.25	-41
KN210-04	B	4850	4	850	AAIW	20130401	2013	4	1	12	0	0	2.13E+06	1.07E+05	6.33	9.39E+04	1.09E+04	4.97	2.27E+01	5.3634	34.31565	5.3762	-31.25	-41
KN210-04	B	43781	4	3781	AABW	20130401	2013	4	1	12	0	0	7.84E+05	4.45E+04	5.89	2.72E+04	2.92E+03	4.43	2.88E+01	1.034	34.74315	5.1481	-31.25	-41
KN210-04	B	43781	4	3781	AABW	20130401	2013	4	1	12	0	0	8.54E+05	9.18E+04	5.93	2.88E+04	4.16E+03	4.46	2.97E+01	1.034	34.74315	5.1481	-31.25	-41
KN210-04	B	55	5	5	Surface	20130402	2013	4	2	12	0	0	9.24E+06	7.04E+05	6.97	8.07E+05	4.77E+04	5.91	1.15E+01	24.8716	36.64445	4.9301	-28.24	-38.49
KN210-04	B	55	5	5	Surface	20130402	2013	4	2	12	0	0	8.11E+06	4.30E+05	6.91	6.84E+05	5.20E+04	5.83	1.19E+01	24.8716	36.64445	4.9301	-28.24	-38.49
KN210-04	B	575	5	75	DCM	20130402	2013	4	2	12	0	0	1.19E+07	5.19E+05	7.07	5.12E+05	3.65E+04	5.71	2.32E+01	23.258	36.71365	5.384	-28.24	-38.49
KN210-04	B	575	5	75	DCM	20130402	2013	4	2	12	0	0	9.31E+06	5.77E+05	6.97	4.34E+05	2.07E+04	5.64	2.15E+01	23.258	36.71365	5.384	-28.24	-38.49
KN210-04	B	5250	5	250	Mesopelagic	20130402	2013	4	2	12	0	0	1.11E+06	5.44E+04	6.05	9.03E+04	7.29E+03	4.96	1.23E+01	16.0149	35.6509	4.9279	-28.24	-38.49
KN210-04	B	52500	5	2500	NADW	20130402	2013	4	2	12	0	0	7.86E+05	3.80E+04	5.9	2.16E+04	9.32E+02	4.33	3.64E+01	3.1067	34.93	5.784	-28.24	-38.53
KN210-04	B	54345	5	4345	AABW	20130402	2013	4	2	12	0	0	8.30E+05	6.71E+04	5.92	3.08E+04	1.98E+03	4.49	2.70E+01	0.3463	34.6817	5.0936	-28.24	-38.53
KN210-04	B	54345	5	4345	AABW	20130402	2013	4	2	12	0	0	8.01E+05	1.40E+05	5.9	2.29E+04	3.23E+03	4.36	3.50E+01	0.3463	34.6817	5.0936	-28.24	-38.53
KN210-04	B	65	6	5	Surface	20130404	2013	4	4	12	0	0	5.75E+06	2.70E+05	6.76	1.15E+06	6.24E+04	6.06	5.00E+00	26.1921	36.7489	4.793	-24.99	-36
KN210-04	B	65	6	5	Surface	20130404	2013	4	4	12	0	0	1.27E+07	8.18E+05	7.1	6.00E+05	3.46E+04	5.78	2.12E+01	26.1921	36.7489	4.793	-24.99	-36
KN210-04	B	6102	6	102	DCM	20130404	2013	4	4	12	0	0	1.28E+07	5.45E+05	7.11	4.04E+05	2.93E+04	5.61	3.18E+01	21.1238	36.5423	5.1373	-24.99	-36
KN210-04	B	6102	6	102	DCM	20130404	2013	4	4	12	0	0	1.65E+07	9.21E+05	7.22	4.25E+05	4.28E+04	5.63	3.87E+01	21.1238	36.5423	5.1373	-24.99	-36
KN210-04	B	6250	6	250	Mesopelagic	20130404	2013	4	4	12	0	0	3.60E+06	1.66E+05	6.56	9.39E+04	8.17E+03	4.97	3.84E+01	15.615	35.5863	4.8981	-24.99	-36
KN210-04	B	6800	6	800	AAIW	20130404	2013	4	4	12	0	0	2.88E+06	1.25E+05	6.46	5.10E+04	4.94E+03	4.71	5.64E+01	5.0345	34.3412	5.0054	-24.99	-36
KN210-04	B	6800	6	800	AAIW	20130404	2013	4	4	12	0	0	2.83E+06	1.28E+05	6.45	3.87E+04	2.70E+03	4.59	7.31E+01	5.0345	34.3412	5.0054	-24.99	-36
KN210-04	B	64155	6	4155	AABW	20130404	2013	4	4	12	0	0	1.01E+06	6.72E+04	6	3.09E+04	2.35E+03	4.49	3.25E+01	0.5997	34.70525	5.0482	-24.99	-36
KN210-04	B	75	7	5	Surface	20130406	2013	4	6	12	0	0	1.20E+07	4.89E+05	7.08	6.90E+05	3.06E+04	5.84	1.74E+01	27.3992	37.22835	4.7459	-22.49	-33.01
KN210-04	B	75	7	5	Surface	20130406	2013	4	6	12	0	0	1.33E+07	8.77E+05	7.12	7.67E+05	3.27E+04	5.88	1.73E+01	27.3992	37.22835	4.7459	-22.49	-33.01
KN210-04	B	7102	7	102	DCM	20130406	2013	4	6	12	0	0	1.77E+07	9.13E+05	7.25	3.86E+05	2.53E+04	5.59	4.58E+01	22.6898	36.865	5.1967	-22.49	-33.01
KN210-04	B	7102	7	102	DCM	20130406	2013	4	6	12	0	0	1.85E+07	2.31E+06	7.27	3.61E+05	1.91E+04	5.56	5.13E+01	22.6898	36.865	5.1967	-22.49	-33.01
KN210-04	B	7750	7	750	AAIW	20130406	2013	4	6	12	0	0	1.15E+06	4.73E+04	6.06	3.91E+04	3.24E+03	4.59	2.94E+01	5.117	34.3623	4.8531	-22.49	-33.01
KN210-04	B	7750	7	750	AAIW	20130406	2013	4	6	12	0	0	2.08E+06	1.24E+05	6.32	7.28E+04	6.32E+03	4.86	2.86E+01	5.117	34.3623	4.8531	-22.49	-33.01
KN210-04	B	72500	7	2500	NADW	20130407	2013	4	7	12	0	0	5.76E+05	3.99E+04	5.76	1.46E+04	1.11E+03	4.17	3.93E+01	3.0224	34.93565	5.8054	-22.49	-33.01
KN210-04	B	72500	7	2500	NADW	20130407	2013	4	7	12	0	0	7.18E+05	3.89E+04	5.86	1.57E+04	9.53E+02	4.2	4.58E+01	3.0224	34.93565	5.8054	-22.49	-33.01
KN210-04	B	74513	7	4513	AABW	20130407	2013	4	7	12	0	0	7.30E+05	3.77E+04	5.86	2.46E+04	8.83E+02	4.39	2.97E+01	0.7458	34.716	5.1174	-22.49	-33.01
KN210-04	B	85	8	5	Surface	20130410	2013	4	10	12	0	0	1.50E+07	8.60E+05	7.18	3.55E+06	2.00E+05	6.55	4.24E+00	27.7877	37.46525	4.7034	-17	-29
KN210-04	B	85	8	5	Surface	20130410	2013	4	10	12	0	0	1.28E+07	8.22E+05	7.11	3.66E+06	4.69E+05	6.56	3.49E+00	27.7877	37.46525	4.7034	-17	-29
KN210-04	B	8160	8	160	DCM	20130410	2013	4	10	12	0	0	1.79E+07	7.20E+05	7.25	6.16E+05	7.10E+04	5.79	2.91E+01	21.6807	36.75515	4.9601	-16.99	-29
KN210-04	B	8160	8	160	DCM	20130410	2013	4	10	12	0	0	1.82E+07	9.62E+05	7.26	5.03E+05	6.44E+04	5.7	3.61E+01	21.6807	36.75515	4.9601	-16.99	-29
KN210-04	B	8250	8	250	Mesopelagic	20130410	2013	4	10	12	0	0	5.09E+06	2.01E+05	6.71	2.97E+05	1.68E+04	5.47	1.71E+01	15.9185	35.6358	4.5595	-16.99	-29
KN210-04	B	8250	8	250	Mesopelagic	20130410	2013	4	10	12	0	0	4.18E+06	1.86E+05	6.62	1.39E+05	1.67E+04	5.14	3.00E+01	15.9185	35.6358	4.5595	-16.99	-29
KN210-04	B	8800	8	800	AAIW	20130410	2013	4	10	12	0	0	2.27E+06	1.43E+05	6.36	1.33E+05	7.38E+03	5.12	1.70E+01	4.2312	34.436	4.1092	-16.99	-29
KN210-04	B	8800	8	800	AAIW	20130410	2013	4	10	12	0	0	3.88E+06	3.78E+05	6.59	1.47E+05	1.13E+04	5.17	2.63E+01	4.2312	34.436	4.1092	-16.99	-29
KN210-04	B	95	9	5	Surface	20130411	2013	4	11	12	0	0	1.76E+07	1.25E+06	7.25	3.32E+06	3.66E+05	6.52	5.31E+00	27.8314	36.9598	4.6968	-13.5	-27.5
KN210-04	B	95	9	5	Surface	20130411	2013	4	11	12	0	0	2.21E+07	1.30E+06	7.35	3.92E+06	1.95E+05	6.59	5.64E+00	27.8314	36.9598	4.6968	-13.5	-27.5
KN210-04	B	9142	9	142	DCM	20130411	2013	4	11	12	0	0	2.96E+07	2.06E+06	7.47	1.29E+06	1.08E+05	6.11	2.29E+01	22.1083	36.9353	4.975	-13.5	-27.5
KN210-04	B	9142	9	142	DCM	20130411	2013	4	11	12	0	0	3.35E+07	1.13E+06	7.52	2.08E+06	1.57E+05	6.32	1.61E+01	22.1083	36.9353	4.975	-13.5	-27.5
KN210-04	B	9250	9	250	Mesopelagic	20130411	2013	4	11	12	0	0	8.59E+06	4.19E+05	6.93	3.44E+05	3.21E+04	5.54	2.50E+01	14.325	35.4203	4.0288	-13.5	-27.5
KN210-04	B	9250	9	250	Mesopelagic	20130411	2013	4	11	12	0	0	3.67E+06	2.88E+05	6.56	1.13E+05	8.18E+03	5.05	3.25E+01	14.325	35.4203	4.0288	-13.5	-27.5
KN210-04	B	9800	9	800	AAIW	20130411	2013	4	11	12	0	0	1.47E+06	1.34E+05	6.17	5.60E+04	4.66E+03	4.75	2.62E+01	4.4563	34.4389	3.9383	-13.5	-27.5
KN210-04	B	9800	9	800	AAIW	20130411	2013	4	11	12	0	0	1.21E+06	1.44E+05	6.08	4.18E+04	2.55E+03	4.62	2.90E+01	4.4563	34.4389	3.9383	-13.5	-27.5
KN210-04	B	10850	10	850	AAIW	20130412	2013	4	12	12	0	0	7.40E+05	3.71E+04	5.87	4.13E+04	1.87E+03	4.62	1.79E+01	4.4844	34.4675	3.6715	-9.5	-26
KN210-04	B	102500	10	2500	NADW	20130412	2013	4	12	12	0	0	5.18E+05	1.88E+04	5.71	1.60E+04	1.15E+03	4.2	3.23E+01	2.9608	34.9306	5.7381	-9.5	-26
KN210-04	B	105245	10	5245	AABW	20130412	2013	4	12	12	0	0	5.55E+05	2.55E+04	5.74	1.09E+04	7.81E+02	4.04	5.07E+01	0.7733	34.71455	5.084	-9.5	-26
KN210-04	B	115	11	5	Surface	20130414	2013	4	14	12	0	0	1.15E+07	3.92E+05	7.06	1.04E+06	5.51E+04	6.02	1.11E+01	28.4392	36.1863	4.6739	-5.7	-24
KN210-04	B	1182	11	82	DCM	20130414	2013	4	14	12	0	0	2.14E+07	1.27E+06	7.33	8.68E+05	8.44E+04	5.94	2.46E+01	24.3185	36.09775	4.5773	-5.7	-24
KN210-04	B	1182	11	82	DCM	20130414	2013	4	14	12	0	0	2.49E+07	1.06E+06	7.4	8.82E+05	4.86E+04	5.95	2.82E+01	24.3185	36.09775	4.5773	-5.7	-24
KN210-04	B	11803	11	803	AAIW	20130414	2013	4	14	12	0	0	8.91E+05	4.71E+04	5.95	6.30E+04	4.07E+03	4.8	1.41E+01	4.8822	34.482	3.4447	-5.7	-24
KN210-04	B	11803	11	803	AAIW	20130414	2013	4	14	12	0	0	1.07E+06	6.96E+04	6.03	6.42E+04	5.63E+03	4.81	1.66E+01	4.8822	34.482	3.4447	-5.7	-24
KN210-04	B	112500	11	2500	NADW	20130414	2013	4	14	12	0	0	6.58E+05	4.29E+04	5.82	3.07E+04	1.87E+03	4.49	2.14E+01	2.9295	34.9219	5.6094	-5.7	-24
KN210-04	B	115478	11	5478	AABW	20130414	2013	4	14	12	0	0	5.58E+05	3.23E+04	5.75	2.18E+04	2.33E+03	4.34	2.56E+01	0.7688	34.7107	5.1089	-5.7	-24
KN210-04	B	115478	11	5478	AABW	20130414	2013	4	14	12	0	0	5.32E+05	9.65E+04	5.73	1.48E+04	2.83E+03	4.17	3.60E+01	0.7688	34.7107	5.1089	-5.7	-24
KN210-04	B	122500	12	2500	NADW	20130415	2013	4	15	12	0	0	6.79E+05	5.00E+04	5.83	1.85E+04	9.00E+02	4.27	3.68E+01	2.9708	34.9272	5.6356	-5.7	-26
KN210-04	B	122500	12	2500	NADW	20130415	2013	4	15	12	0	0	7.93E+05	4.49E+04	5.9	2.15E+04	1.17E+03	4.33	3.68E+01	2.9708	34.9272	5.6356	-5.7	-26
KN210-04	B	125394	12	5394	AABW	20130415	2013	4	15	12	0	0	6.64E+05	6.88E+04	5.82	1.52E+04	1.84E+03	4.18	4.37E+01	0.7463	34.70925	5.0418	-5.7	-26
KN210-04	B	132500	13	2500	NADW	20130416	2013	4	16	12	0	0	8.79E+05	5.91E+04	5.94	1.99E+04	1.25E+03	4.3	4.42E+01	2.9775	34.92845	5.6514	-5.7	-28.5
KN210-04	B	135526	13	5526	AABW	20130416	2013	4	16	12	0	0	7.23E+05	6.58E+04	5.86	1.97E+04	1.05E+03	4.3	3.66E+01	0.7209	34.7051	5.0515	-5.7	-28.5
KN210-04	B	135526	13	5526	AABW	20130416	2013	4	16	12	0	0	7.86E+05	7.19E+04	5.9					0.7209	34.7051	5.0515	-5.7	-28.5
KN210-04	B	1461	14	61	DCM	20130417	2013	4	17	12	0	0	2.08E+07	7.86E+05	7.32	1.49E+06	5.94E+04	6.17	1.40E+01	26.0999	36.311	4.9405	-3.88	-28.51
KN210-04	B	14461	14	461	Mesopelagic	20130417	2013	4	17	12	0	0	1.12E+06	1.26E+05	6.05	1.24E+05	1.04E+04	5.09	9.09E+00	8.2283	34.73135	2.0016	-3.88	-28.51
KN210-04	B	15250	15	250	Mesopelagic	20130419	2013	4	19	12	0	0	2.75E+06	1.82E+05	6.44	2.15E+05	1.95E+04	5.33	1.28E+01	11.9019	35.14305	2.0341	-2.7	-28.5
KN210-04	B	15250	15	250	Mesopelagic	20130419	2013	4	19	12	0	0	2.70E+06	1.77E+05	6.43	2.36E+05	1.14E+04	5.37	1.14E+01	11.9019	35.14305	2.0341	-2.7	-28.5
KN210-04	B	152500	15	2500	NADW	20130418	2013	4	18	12	0	0	9.47E+05	4.62E+04	5.98	3.31E+04	2.34E+03	4.52	2.86E+01	2.9259	34.9285	5.6232	-2.7	-28.5
KN210-04	B	165	16	5	Surface	20130422	2013	4	22	12	0	0	8.72E+06	6.79E+05	6.94	9.93E+05	9.54E+04	6	8.79E+00	28.534	36.09525	4.7602	0	-33.5
KN210-04	B	1665	16	65	DCM	20130422	2013	4	22	12	0	0	1.01E+07	6.21E+05	7	7.94E+05	3.83E+04	5.9	1.27E+01	22.7632	36.4225	4.5512	0	-33.5
KN210-04	B	16260	16	260	Mesopelagic	20130422	2013	4	22	12	0	0	2.38E+06	1.44E+05	6.38	1.76E+05	1.04E+04	5.25	1.35E+01	11.875	35.1255	3.4003	0	-33.5
KN210-04	B	16260	16	260	Mesopelagic	20130422	2013	4	22	12	0	0	1.79E+06	6.18E+04	6.25	1.25E+05	7.43E+03	5.1	1.44E+01	11.875	35.1255	3.4003	0	-33.5
KN210-04	B	162500	16	2500	NADW	20130422	2013	4	22	12	0	0	8.25E+05	3.08E+04	5.92	4.83E+04	3.02E+03	4.68	1.71E+01	3.0461	34.94405	5.8354	0	-33.5
KN210-04	B	162500	16	2500	NADW	20130422	2013	4	22	12	0	0	8.50E+05	6.11E+04	5.93	5.44E+04	2.89E+03	4.74	1.56E+01	3.0461	34.94405	5.8354	0	-33.5
KN210-04	B	164613	16	4613	AABW	20130422	2013	4	22	12	0	0	5.84E+05	2.07E+04	5.77	2.71E+04	1.14E+03	4.43	2.15E+01	0.9731	34.74025	5.1334	0	-33.5
KN210-04	B	175	17	5	Surface	20130424	2013	4	24	12	0	0	1.07E+07	5.96E+05	7.03	9.41E+05	7.40E+04	5.97	1.13E+01	28.2201	36.0353	4.733	1.5	-37
KN210-04	B	1774	17	74	DCM	20130424	2013	4	24	12	0	0	1.87E+07	9.66E+05	7.27	1.38E+06	7.58E+04	6.14	1.36E+01	24.6012	36.34625	3.9743	1.5	-37
KN210-04	B	1774	17	74	DCM	20130424	2013	4	24	12	0	0	1.94E+07	5.99E+05	7.29	1.25E+06	1.29E+05	6.1	1.55E+01	24.6012	36.34625	3.9743	1.5	-37
KN210-04	B	17250	17	250	Mesopelagic	20130424	2013	4	24	12	0	0	1.90E+06	1.60E+05	6.28	1.68E+05	1.21E+04	5.23	1.13E+01	10.5163	34.96475	3.3126	1.5	-37
KN210-04	B	17250	17	250	Mesopelagic	20130424	2013	4	24	12	0	0	2.59E+06	2.99E+05	6.41	2.18E+05	1.07E+04	5.34	1.19E+01	10.5163	34.96475	3.3126	1.5	-37
KN210-04	B	17825	17	825	AAIW	20130424	2013	4	24	12	0	0	1.27E+06	8.11E+04	6.1	1.02E+05	8.94E+03	5.01	1.25E+01	5.1456	34.51095	3.3772	1.5	-37
KN210-04	B	172500	17	2500	NADW	20130424	2013	4	24	12	0	0	9.33E+05	4.69E+04	5.97	3.14E+04	1.71E+03	4.5	2.97E+01	3.0334	34.9453	5.8288	1.5	-37
KN210-04	B	172500	17	2500	NADW	20130424	2013	4	24	12	0	0	8.11E+05	4.62E+04	5.91	2.82E+04	1.78E+03	4.45	2.87E+01	3.0334	34.9453	5.8288	1.5	-37
KN210-04	B	174153	17	4153	AABW	20130424	2013	4	24	12	0	0	6.91E+05	2.52E+04	5.84	2.27E+04	2.01E+03	4.36	3.05E+01	1.9554	34.85355	5.6312	1.5	-37
KN210-04	B	174153	17	4153	AABW	20130424	2013	4	24	12	0	0	1.67E+05	8.66E+03	5.22	6.74E+03	1.46E+03	3.83	2.47E+01	1.9554	34.85355	5.6312	1.5	-37
KN210-04	B	182501	18	2500	NADW	20130425	2013	4	25	12	0	0	1.08E+06	6.73E+04	6.03	2.98E+04	2.25E+03	4.47	3.62E+01	3.03	34.94655	5.8668	3.5	-39
KN210-04	B	182501	18	2500	NADW	20130425	2013	4	25	12	0	0	5.74E+05	3.22E+04	5.76	1.38E+04	1.26E+03	4.14	4.15E+01	3.03	34.94655	5.8668	3.5	-39
KN210-04	B	184511	18	4511	AABW	20130425	2013	4	25	12	0	0	8.35E+04	6.88E+03	4.92	3.47E+03	3.13E+02	3.54	2.41E+01	1.3708	34.784	5.3295	3.5	-39
KN210-04	B	184511	18	4511	AABW	20130425	2013	4	25	12	0	0	6.58E+05	4.66E+04	5.82	3.04E+04	2.33E+03	4.48	2.16E+01	1.3708	34.784	5.3295	3.5	-39
KN210-04	B	19781	19	781	AAIW	20130427	2013	4	27	12	0	0	1.37E+06	9.82E+04	6.14	7.86E+04	2.67E+03	4.9	1.74E+01	5.433	34.5908	3.1048	5.92	-41.26
KN210-04	B	19781	19	781	AAIW	20130427	2013	4	27	12	0	0	1.08E+06	6.36E+04	6.03	6.47E+04	3.22E+03	4.81	1.67E+01	5.433	34.5908	3.1048	5.92	-41.26
KN210-04	B	192500	19	2500	NADW	20130427	2013	4	27	12	0	0	8.79E+05	9.19E+04	5.94	2.54E+04	3.68E+03	4.4	3.46E+01	3.0383	34.94745	5.9002	5.92	-41.26
KN210-04	B	192500	19	2500	NADW	20130427	2013	4	27	12	0	0	7.89E+05	6.08E+04	5.9	2.12E+04	7.29E+02	4.33	3.72E+01	3.0383	34.94745	5.9002	5.92	-41.26
KN210-04	B	194662	19	4662	AABW	20130427	2013	4	27	12	0	0	7.47E+05	4.40E+04	5.87	2.37E+04	1.07E+03	4.38	3.15E+01	1.5425	34.8011	5.4579	5.92	-41.26
KN210-04	B	205	20	5	Surface	20130428	2013	4	28	12	0	0	7.42E+06	3.46E+05	6.87	7.42E+05	3.42E+04	5.87	1.00E+01	27.7776	36.14215	4.6824	5.91	-45
KN210-04	B	20106	20	106	DCM	20130428	2013	4	28	12	0	0	7.71E+06	3.36E+05	6.89	7.10E+05	4.05E+04	5.85	1.09E+01	26.3263	36.338	4.2994	5.91	-45
KN210-04	B	20106	20	106	DCM	20130428	2013	4	28	12	0	0	1.09E+07	3.86E+05	7.04	8.24E+05	4.26E+04	5.92	1.33E+01	26.3263	36.338	4.2994	5.91	-45
KN210-04	B	20250	20	250	Mesopelagic	20130428	2013	4	28	12	0	0	1.62E+06	9.08E+04	6.21	1.38E+05	6.34E+03	5.14	1.17E+01	9.1006	34.85565	2.8817	5.91	-45
KN210-04	B	20250	20	250	Mesopelagic	20130428	2013	4	28	12	0	0	1.72E+06	8.98E+04	6.24	1.41E+05	1.08E+04	5.15	1.22E+01	9.1006	34.85565	2.8817	5.91	-45
KN210-04	B	20728	20	728	AAIW	20130428	2013	4	28	12	0	0	1.17E+06	8.60E+04	6.07	9.47E+04	9.99E+03	4.98	1.23E+01	4.9326	34.547	3.4828	5.91	-45
KN210-04	B	202500	20	2500	NADW	20130428	2013	4	28	12	0	0	1.07E+06	7.79E+04	6.03	3.63E+04	2.77E+03	4.56	2.94E+01	3.0975	34.9495	5.8523	5.91	-45
KN210-04	B	202500	20	2500	NADW	20130428	2013	4	28	12	0	0	8.89E+05	6.25E+04	5.95	2.58E+04	1.92E+03	4.41	3.45E+01	3.0975	34.9495	5.8523	5.91	-45
KN210-04	B	203492	20	3492	AABW	20130428	2013	4	28	12	0	0	6.62E+05	5.35E+04	5.82	2.05E+04	2.58E+03	4.31	3.23E+01	2.5859	34.9172	5.8942	5.91	-45
KN210-04	B	215	21	5	Surface	20130430	2013	4	30	12	0	0	1.16E+07	5.87E+05	7.06	1.17E+06	3.91E+04	6.07	9.94E+00	27.7716	36.07035	4.6765	6.5	-48
KN210-04	B	2197	21	97	DCM	20130430	2013	4	30	12	0	0	9.57E+06	6.29E+05	6.98	9.31E+05	3.92E+04	5.97	1.03E+01	27.6951	36.2475	4.6351	6.5	-48
KN210-04	B	2197	21	97	DCM	20130430	2013	4	30	12	0	0	1.08E+07	5.55E+05	7.03	9.60E+05	7.27E+04	5.98	1.13E+01	27.6951	36.2475	4.6351	6.5	-48
KN210-04	B	21250	21	250	Mesopelagic	20130430	2013	4	30	12	0	0	1.78E+06	1.60E+05	6.25	1.62E+05	9.45E+03	5.21	1.10E+01	11.1524	35.13905	2.9358	6.5	-48
KN210-04	B	21250	21	250	Mesopelagic	20130430	2013	4	30	12	0	0	1.37E+06	1.11E+05	6.14	1.29E+05	7.78E+03	5.11	1.06E+01	11.1524	35.13905	2.9358	6.5	-48
KN210-04	B	21803	21	803	AAIW	20130430	2013	4	30	12	0	0	1.28E+06	9.32E+04	6.11	7.86E+04	5.90E+03	4.9	1.63E+01	5.3927	34.57325	3.1352	6.5	-48
KN210-04	B	21803	21	803	AAIW	20130430	2013	4	30	12	0	0	9.86E+05	7.16E+04	5.99	6.69E+04	3.09E+03	4.83	1.47E+01	5.3927	34.57325	3.1352	6.5	-48
KN210-04	B	212506	21	2506	NADW	20130430	2013	4	30	12	0	0	9.57E+05	6.27E+04	5.98	2.55E+04	1.91E+03	4.41	3.75E+01	3.0029	34.947	5.9046	6.5	-48
KN210-04	B	212506	21	2506	NADW	20130430	2013	4	30	12	0	0	7.91E+05	6.21E+04	5.9	2.19E+04	1.49E+03	4.34	3.62E+01	3.0029	34.947	5.9046	6.5	-48
KN210-04	B	213968	21	3968	AABW	20130430	2013	4	30	12	0	0	2.03E+05	1.62E+04	5.31	5.37E+03	4.37E+02	3.73	3.78E+01	2.2656	34.89375	5.9697	6.5	-48
KN210-04	B	213968	21	3968	AABW	20130430	2013	4	30	12	0	0	7.69E+05	3.46E+04	5.89	2.51E+04	1.60E+03	4.4	3.06E+01	2.2656	34.89375	5.9697	6.5	-48
KN210-04	B	225	22	5	Surface	20130501	2013	5	1	12	0	0	1.25E+07	6.60E+05	7.1	1.56E+06	9.99E+04	6.19	7.98E+00	27.9392	35.8989	4.6364	8.25	-50
KN210-04	B	2299	22	100	DCM	20130501	2013	5	1	12	0	0	1.71E+07	8.95E+05	7.23	7.16E+05	5.53E+04	5.85	2.39E+01	26.5781	36.5044	4.4452	8.25	-50
KN210-04	B	22250	22	250	Mesopelagic	20130501	2013	5	1	12	0	0	2.21E+06	1.90E+05	6.34	2.33E+05	1.68E+04	5.37	9.46E+00	10.6581	35.0599	2.3898	8.25	-50
KN210-04	B	22250	22	250	Mesopelagic	20130501	2013	5	1	12	0	0	1.72E+06	9.34E+04	6.24	2.53E+05	1.52E+04	5.4	6.80E+00	10.6581	35.0599	2.3898	8.25	-50
KN210-04	B	22772	22	772	AAIW	20130501	2013	5	1	12	0	0	1.30E+06	8.98E+04	6.11	1.20E+05	1.11E+04	5.08	1.09E+01	5.664	34.62655	2.9948	8.25	-50
KN210-04	B	22772	22	772	AAIW	20130501	2013	5	1	12	0	0	9.47E+05	3.43E+04	5.98	9.91E+04	6.47E+03	5	9.56E+00	5.664	34.62655	2.9948	8.25	-50
KN210-04	B	222500	22	2500	NADW	20130501	2013	5	1	12	0	0	1.05E+06	8.46E+04	6.02	8.84E+04	6.36E+03	4.95	1.19E+01	3.0846	34.95095	5.9502	8.25	-50
KN210-04	B	222500	22	2500	NADW	20130501	2013	5	1	12	0	0	6.74E+05	3.97E+04	5.83	4.93E+04	3.67E+03	4.69	1.37E+01	3.0846	34.95095	5.9502	8.25	-50
KN210-04	B	224435	22	4435	AABW	20130501	2013	5	1	12	0	0	7.62E+05	4.84E+04	5.88	3.78E+04	3.55E+03	4.58	2.01E+01	2.1051	34.8711	5.7753	8.25	-50
KN210-04	B	235	23	5	Surface	20130505	2013	5	5	12	0	0	1.05E+07	1.73E+06	7.02	1.14E+06	1.34E+05	6.06	9.23E+00	28.0548	33.4039	4.735	9.7	-55.3
KN210-04	B	2371	23	71	DCM	20130505	2013	5	5	12	0	0	7.00E+06	3.83E+05	6.85	9.34E+05	1.16E+05	5.97	7.49E+00	27.5758	36.3323	4.6532	9.7	-55.3
KN210-04	B	2371	23	71	DCM	20130505	2013	5	5	12	0	0	6.90E+06	5.78E+05	6.84	7.26E+05	5.72E+04	5.86	9.51E+00	27.5758	36.3323	4.6532	9.7	-55.3
KN210-04	B	23250	23	250	Mesopelagic	20130505	2013	5	5	12	0	0	2.38E+06	1.19E+05	6.38	2.77E+05	1.84E+04	5.44	8.59E+00	11.9121	35.1276	3.7355	9.7	-55.3
KN210-04	B	23250	23	250	Mesopelagic	20130505	2013	5	5	12	0	0	2.33E+06	9.81E+04	6.37	3.28E+05	1.18E+04	5.52	7.11E+00	11.9121	35.1276	3.7355	9.7	-55.3
KN210-04	B	232500	23	2500	NADW	20130505	2013	5	5	12	0	0	8.13E+05	4.86E+04	5.91	1.26E+05	1.09E+04	5.1	6.43E+00	2.9922	34.94555	6.0264	9.7	-55.3
KN210-04	B	232500	23	2500	NADW	20130505	2013	5	5	12	0	0	9.45E+05	5.35E+04	5.98	8.59E+04	5.21E+03	4.93	1.10E+01	2.9922	34.94555	6.0264	9.7	-55.3
KN210-04	B	233770	23	3770	AABW	20130505	2013	5	5	12	0	0	7.96E+05	4.48E+04	5.9	8.91E+04	9.00E+03	4.95	8.93E+00	2.2895	34.89735	6.0661	9.7	-55.3
